= 732.000000
= 2.000000
= 8.000000
= 1.414214
a = 2
b = 5
c = 1
d = 8
e = 999
x = 3
y = 729
t = 26
